Crowley 2000 Total Forcing updated April 2001 
---------------------------------------------------------------------
              World Data Center for Paleoclimatology, Boulder
                                and 
                   NOAA Paleoclimatology Program
---------------------------------------------------------------------
NOTE: PLEASE CITE ORIGINAL REFERENCE WHEN USING THIS DATA!!!!!

NAME OF DATA SET: Causes of Climate Change Over the Past 1000 Years
LAST UPDATE: 4/2001 (Addition of file forc-total-4.12.01.txt) 

CONTRIBUTORS: Thomas J. Crowley

IGBP PAGES/WDCA CONTRIBUTION SERIES NUMBER: 2000-045

SUGGESTED DATA CITATION: Crowley, T.J., 2000, Causes of Climate Change 
Over the Past 1000 Years, IGBP PAGES/World Data Center for Paleoclimatology 
Data Contribution Series #2000-045.  NOAA/NGDC Paleoclimatology Program, 
Boulder CO, USA. 

ORIGINAL REFERENCE: Crowley, T.J., 2000, Causes of Climate Change 
Over the Past 1000 Years, Science, v.289, pp 270-277, July 14, 2000.

GEOGRAPHIC REGION: Global 
PERIOD OF RECORD: 1000-1998 AD

FUNDING SOURCES: National Oceanic and Atmospheric Administration NA96GPO415 (USA), 
Department of Energy (USA) through Battelle/Pacific Northwest Laboratory.


DESCRIPTION:
(April 2001 versions of estimates of volcano, solar, 
greenhouse gas, and tropospheric (1000-1998) total forcing prior to accounting 
for the planetary albedo (Tab-delimited ASCII format).


April 2001 file forc-total-4.12.01.txt contains estimates of volcano, solar, 
greenhouse gas, and tropospheric (1000-1998) total forcing, prior to accounting 
for the planetary albedo.  All units are in W/m**2. 
hl in volcanic time series refers to the fact that eruptions of 
unknown origin have been assigned a high latitude (hl) origin. 
There are "tails" to most of the large eruptions that were 
determined based on the estimated e-folding time of the 
aerosols as being about 1 year. 
Sol.Be10 refers to the Beryllium 10 measurements of Bard et al. 
scaled to the Lean et al. changes over the last 400 years. 
GHG refers to greenhouse gases. 
Aer refers to tropospheric aerosols. 



Year	Vol.hl.cct	Sol.Be10/Lean.splice	GHG	Trop.aer
1000	0.00	0.06	-0.05	0.00
1001	0.00	0.06	-0.05	0.00
1002	0.00	0.06	-0.05	0.00
1003	0.00	0.06	-0.05	0.00
1004	-0.80	0.06	-0.05	0.00
1005	-0.30	0.05	-0.05	0.00
1006	0.00	0.04	-0.05	0.00
1007	0.00	0.03	-0.05	0.00
1008	0.00	0.02	-0.05	0.00
1009	0.00	0.01	-0.05	0.00
1010	0.00	0.00	-0.04	0.00
1011	0.00	-0.01	-0.04	0.00
1012	0.00	-0.02	-0.04	0.00
1013	0.00	-0.02	-0.04	0.00
1014	0.00	-0.02	-0.04	0.00
1015	-2.79	-0.03	-0.04	0.00
1016	-1.00	-0.03	-0.04	0.00
1017	0.00	-0.04	-0.04	0.00
1018	0.00	-0.04	-0.04	0.00
1019	0.00	-0.05	-0.04	0.00
1020	0.00	-0.05	-0.04	0.00
1021	0.00	-0.05	-0.04	0.00
1022	0.00	-0.06	-0.04	0.00
1023	0.00	-0.06	-0.04	0.00
1024	0.00	-0.07	-0.04	0.00
1025	0.00	-0.07	-0.04	0.00
1026	-3.27	-0.08	-0.04	0.00
1027	-1.20	-0.08	-0.04	0.00
1028	0.00	-0.09	-0.04	0.00
1029	0.00	-0.09	-0.04	0.00
1030	0.00	-0.09	-0.04	0.00
1031	0.00	-0.10	-0.04	0.00
1032	0.00	-0.10	-0.04	0.00
1033	0.00	-0.11	-0.04	0.00
1034	0.00	-0.11	-0.04	0.00
1035	0.00	-0.12	-0.03	0.00
1036	0.00	-0.12	-0.03	0.00
1037	0.00	-0.12	-0.03	0.00
1038	0.00	-0.12	-0.03	0.00
1039	0.00	-0.13	-0.03	0.00
1040	0.00	-0.13	-0.03	0.00
1041	0.00	-0.13	-0.03	0.00
1042	0.00	-0.13	-0.03	0.00
1043	0.00	-0.14	-0.03	0.00
1044	0.00	-0.14	-0.03	0.00
1045	0.00	-0.14	-0.03	0.00
1046	0.00	-0.14	-0.03	0.00
1047	0.00	-0.14	-0.03	0.00
1048	0.00	-0.15	-0.03	0.00
1049	0.00	-0.15	-0.03	0.00
1050	0.00	-0.15	-0.03	0.00
1051	0.00	-0.15	-0.03	0.00
1052	0.00	-0.15	-0.03	0.00
1053	0.00	-0.15	-0.02	0.00
1054	0.00	-0.16	-0.02	0.00
1055	0.00	-0.15	-0.02	0.00
1056	0.00	-0.15	-0.02	0.00
1057	0.00	-0.15	-0.02	0.00
1058	-4.51	-0.15	-0.02	0.00
1059	-1.70	-0.15	-0.02	0.00
1060	0.00	-0.15	-0.02	0.00
1061	0.00	-0.15	-0.02	0.00
1062	-1.20	-0.15	-0.02	0.00
1063	-0.40	-0.14	-0.02	0.00
1064	0.00	-0.13	-0.01	0.00
1065	0.00	-0.12	-0.01	0.00
1066	0.00	-0.10	-0.01	0.00
1067	0.00	-0.09	-0.01	0.00
1068	0.00	-0.08	-0.01	0.00
1069	0.00	-0.07	-0.01	0.00
1070	0.00	-0.06	-0.01	0.00
1071	0.00	-0.05	-0.01	0.00
1072	0.00	-0.03	-0.01	0.00
1073	0.00	-0.02	-0.01	0.00
1074	0.00	-0.01	-0.01	0.00
1075	0.00	0.00	-0.01	0.00
1076	0.00	0.01	0.00	0.00
1077	0.00	0.02	0.00	0.00
1078	0.00	0.03	0.00	0.00
1079	0.00	0.03	0.00	0.00
1080	-0.80	0.04	0.00	0.00
1081	-0.30	0.05	0.00	0.00
1082	0.00	0.06	0.00	0.00
1083	0.00	0.07	0.00	0.00
1084	0.00	0.07	0.00	0.00
1085	0.00	0.07	0.00	0.00
1086	0.00	0.08	0.00	0.00
1087	0.00	0.08	0.00	0.00
1088	0.00	0.08	0.00	0.00
1089	0.00	0.08	0.01	0.00
1090	0.00	0.09	0.01	0.00
1091	0.00	0.09	0.01	0.00
1092	0.00	0.09	0.01	0.00
1093	0.00	0.10	0.01	0.00
1094	0.00	0.10	0.01	0.00
1095	0.00	0.11	0.01	0.00
1096	0.00	0.11	0.01	0.00
1097	-1.85	0.11	0.01	0.00
1098	-0.70	0.12	0.01	0.00
1099	0.00	0.12	0.01	0.00
1100	0.00	0.13	0.01	0.00
1101	0.00	0.13	0.01	0.00
1102	0.00	0.13	0.02	0.00
1103	0.00	0.14	0.02	0.00
1104	0.00	0.14	0.02	0.00
1105	0.00	0.15	0.02	0.00
1106	0.00	0.15	0.02	0.00
1107	0.00	0.15	0.02	0.00
1108	0.00	0.16	0.02	0.00
1109	0.00	0.17	0.02	0.00
1110	0.00	0.18	0.02	0.00
1111	0.00	0.19	0.02	0.00
1112	0.00	0.20	0.02	0.00
1113	0.00	0.21	0.02	0.00
1114	0.00	0.22	0.02	0.00
1115	0.00	0.22	0.02	0.00
1116	0.00	0.22	0.02	0.00
1117	0.00	0.22	0.03	0.00
1118	0.00	0.22	0.03	0.00
1119	0.00	0.23	0.03	0.00
1120	0.00	0.23	0.03	0.00
1121	0.00	0.23	0.03	0.00
1122	0.00	0.23	0.03	0.00
1123	0.00	0.23	0.03	0.00
1124	0.00	0.23	0.03	0.00
1125	0.00	0.23	0.03	0.00
1126	0.00	0.23	0.03	0.00
1127	0.00	0.23	0.03	0.00
1128	0.00	0.23	0.03	0.00
1129	0.00	0.24	0.03	0.00
1130	0.00	0.24	0.03	0.00
1131	0.00	0.24	0.03	0.00
1132	0.00	0.24	0.03	0.00
1133	0.00	0.24	0.03	0.00
1134	0.00	0.25	0.03	0.00
1135	0.00	0.25	0.03	0.00
1136	0.00	0.26	0.03	0.00
1137	0.00	0.26	0.03	0.00
1138	0.00	0.26	0.04	0.00
1139	0.00	0.26	0.04	0.00
1140	0.00	0.26	0.04	0.00
1141	0.00	0.26	0.04	0.00
1142	0.00	0.26	0.04	0.00
1143	0.00	0.26	0.04	0.00
1144	0.00	0.26	0.04	0.00
1145	0.00	0.27	0.04	0.00
1146	0.00	0.27	0.04	0.00
1147	0.00	0.26	0.04	0.00
1148	0.00	0.26	0.04	0.00
1149	0.00	0.26	0.04	0.00
1150	0.00	0.26	0.04	0.00
1151	0.00	0.25	0.04	0.00
1152	0.00	0.25	0.04	0.00
1153	0.00	0.25	0.04	0.00
1154	0.00	0.25	0.04	0.00
1155	0.00	0.24	0.04	0.00
1156	0.00	0.24	0.04	0.00
1157	0.00	0.23	0.04	0.00
1158	0.00	0.22	0.04	0.00
1159	0.00	0.21	0.04	0.00
1160	0.00	0.21	0.04	0.00
1161	0.00	0.20	0.04	0.00
1162	0.00	0.20	0.04	0.00
1163	0.00	0.21	0.04	0.00
1164	0.00	0.21	0.04	0.00
1165	0.00	0.21	0.04	0.00
1166	-1.10	0.22	0.04	0.00
1167	-0.40	0.21	0.05	0.00
1168	0.00	0.21	0.05	0.00
1169	0.00	0.21	0.05	0.00
1170	0.00	0.20	0.05	0.00
1171	0.00	0.20	0.05	0.00
1172	0.00	0.19	0.05	0.00
1173	0.00	0.19	0.05	0.00
1174	0.00	0.18	0.05	0.00
1175	-6.94	0.19	0.05	0.00
1176	-2.60	0.19	0.05	0.00
1177	-1.00	0.19	0.05	0.00
1178	0.00	0.19	0.05	0.00
1179	0.00	0.19	0.05	0.00
1180	0.00	0.20	0.05	0.00
1181	0.00	0.20	0.05	0.00
1182	0.00	0.20	0.05	0.00
1183	0.00	0.20	0.05	0.00
1184	0.00	0.20	0.05	0.00
1185	0.00	0.20	0.04	0.00
1186	0.00	0.20	0.04	0.00
1187	0.00	0.20	0.04	0.00
1188	0.00	0.20	0.04	0.00
1189	0.00	0.20	0.04	0.00
1190	0.00	0.20	0.04	0.00
1191	0.00	0.20	0.04	0.00
1192	0.00	0.20	0.04	0.00
1193	0.00	0.20	0.04	0.00
1194	-2.42	0.21	0.04	0.00
1195	-0.90	0.21	0.04	0.00
1196	0.00	0.22	0.04	0.00
1197	0.00	0.22	0.04	0.00
1198	0.00	0.23	0.04	0.00
1199	0.00	0.23	0.04	0.00
1200	0.00	0.23	0.04	0.00
1201	0.00	0.23	0.04	0.00
1202	0.00	0.24	0.04	0.00
1203	0.00	0.24	0.03	0.00
1204	0.00	0.24	0.03	0.00
1205	-1.30	0.24	0.03	0.00
1206	-0.50	0.23	0.03	0.00
1207	0.00	0.23	0.03	0.00
1208	0.00	0.23	0.03	0.00
1209	0.00	0.23	0.03	0.00
1210	0.00	0.23	0.03	0.00
1211	0.00	0.23	0.03	0.00
1212	0.00	0.22	0.03	0.00
1213	0.00	0.22	0.03	0.00
1214	0.00	0.22	0.02	0.00
1215	0.00	0.22	0.02	0.00
1216	0.00	0.22	0.02	0.00
1217	0.00	0.22	0.02	0.00
1218	0.00	0.22	0.02	0.00
1219	0.00	0.22	0.02	0.00
1220	0.00	0.22	0.02	0.00
1221	0.00	0.22	0.02	0.00
1222	0.00	0.22	0.01	0.00
1223	0.00	0.22	0.01	0.00
1224	0.00	0.22	0.01	0.00
1225	0.00	0.22	0.01	0.00
1226	0.00	0.22	0.01	0.00
1227	-0.80	0.22	0.01	0.00
1228	-0.30	0.22	0.01	0.00
1229	-5.09	0.22	0.01	0.00
1230	-1.90	0.22	0.01	0.00
1231	-0.70	0.22	0.01	0.00
1232	0.00	0.22	0.01	0.00
1233	0.00	0.23	0.00	0.00
1234	0.00	0.22	0.00	0.00
1235	0.00	0.21	0.00	0.00
1236	0.00	0.20	0.00	0.00
1237	0.00	0.19	0.00	0.00
1238	0.00	0.19	0.00	0.00
1239	0.00	0.18	0.00	0.00
1240	0.00	0.18	0.00	0.00
1241	0.00	0.18	0.00	0.00
1242	0.00	0.17	0.00	0.00
1243	0.00	0.17	0.00	0.00
1244	0.00	0.16	0.00	0.00
1245	0.00	0.16	0.00	0.00
1246	0.00	0.16	0.00	0.00
1247	0.00	0.15	0.00	0.00
1248	0.00	0.15	0.00	0.00
1249	0.00	0.15	0.00	0.00
1250	0.00	0.14	0.00	0.00
1251	0.00	0.14	0.00	0.00
1252	0.00	0.13	0.00	0.00
1253	0.00	0.13	0.00	0.00
1254	0.00	0.12	0.00	0.00
1255	0.00	0.10	0.00	0.00
1256	0.00	0.09	0.00	0.00
1257	0.00	0.07	0.00	0.00
1258	0.00	0.07	0.00	0.00
1259	-11.82	0.07	0.00	0.00
1260	-4.40	0.06	0.00	0.00
1261	-1.60	0.06	0.00	0.00
1262	0.00	0.06	0.00	0.00
1263	0.00	0.06	0.00	0.00
1264	0.00	0.06	0.00	0.00
1265	0.00	0.06	0.00	0.00
1266	0.00	0.06	0.00	0.00
1267	0.00	0.06	0.00	0.00
1268	0.00	0.06	0.00	0.00
1269	0.00	0.06	0.00	0.00
1270	0.00	0.06	0.00	0.00
1271	0.00	0.07	0.01	0.00
1272	0.00	0.07	0.01	0.00
1273	0.00	0.07	0.01	0.00
1274	0.00	0.06	0.01	0.00
1275	-2.95	0.06	0.01	0.00
1276	-1.10	0.06	0.01	0.00
1277	0.00	0.05	0.01	0.00
1278	0.00	0.05	0.01	0.00
1279	0.00	0.05	0.01	0.00
1280	0.00	0.04	0.01	0.00
1281	0.00	0.04	0.01	0.00
1282	0.00	0.04	0.01	0.00
1283	0.00	0.04	0.01	0.00
1284	0.00	0.04	0.02	0.00
1285	-3.75	0.04	0.02	0.00
1286	-1.40	0.04	0.02	0.00
1287	0.00	0.03	0.02	0.00
1288	0.00	0.03	0.02	0.00
1289	0.00	0.03	0.02	0.00
1290	0.00	0.03	0.02	0.00
1291	0.00	0.02	0.02	0.00
1292	0.00	0.02	0.02	0.00
1293	0.00	0.02	0.02	0.00
1294	0.00	0.02	0.02	0.00
1295	-3.63	0.01	0.02	0.00
1296	-1.30	0.01	0.03	0.00
1297	0.00	0.01	0.03	0.00
1298	0.00	0.01	0.03	0.00
1299	0.00	0.00	0.03	0.00
1300	0.00	0.00	0.03	0.00
1301	0.00	-0.00	0.03	0.00
1302	0.00	-0.00	0.03	0.00
1303	0.00	-0.01	0.03	0.00
1304	0.00	-0.01	0.03	0.00
1305	0.00	-0.01	0.03	0.00
1306	0.00	-0.01	0.03	0.00
1307	0.00	-0.01	0.03	0.00
1308	0.00	-0.02	0.03	0.00
1309	0.00	-0.02	0.03	0.00
1310	0.00	-0.02	0.03	0.00
1311	0.00	-0.02	0.03	0.00
1312	0.00	-0.02	0.03	0.00
1313	0.00	-0.03	0.03	0.00
1314	0.00	-0.03	0.03	0.00
1315	0.00	-0.03	0.03	0.00
1316	0.00	-0.03	0.03	0.00
1317	0.00	-0.04	0.03	0.00
1318	0.00	-0.04	0.03	0.00
1319	0.00	-0.04	0.03	0.00
1320	0.00	-0.04	0.03	0.00
1321	0.00	-0.05	0.03	0.00
1322	0.00	-0.05	0.03	0.00
1323	0.00	-0.05	0.03	0.00
1324	0.00	-0.05	0.03	0.00
1325	0.00	-0.05	0.03	0.00
1326	0.00	-0.05	0.03	0.00
1327	0.00	-0.05	0.03	0.00
1328	0.00	-0.04	0.03	0.00
1329	-3.13	-0.04	0.03	0.00
1330	-1.10	-0.04	0.03	0.00
1331	0.00	-0.04	0.03	0.00
1332	0.00	-0.04	0.03	0.00
1333	0.00	-0.04	0.03	0.00
1334	0.00	-0.04	0.03	0.00
1335	0.00	-0.03	0.02	0.00
1336	0.00	-0.02	0.02	0.00
1337	0.00	-0.01	0.02	0.00
1338	0.00	0.01	0.02	0.00
1339	0.00	0.02	0.02	0.00
1340	0.00	0.02	0.02	0.00
1341	0.00	0.02	0.02	0.00
1342	0.00	0.02	0.02	0.00
1343	0.00	0.02	0.01	0.00
1344	0.00	0.02	0.01	0.00
1345	-2.65	0.02	0.01	0.00
1346	-1.00	0.02	0.01	0.00
1347	0.00	0.02	0.01	0.00
1348	0.00	0.03	0.01	0.00
1349	0.00	0.03	0.01	0.00
1350	0.00	0.03	0.00	0.00
1351	0.00	0.03	0.00	0.00
1352	0.00	0.04	0.00	0.00
1353	0.00	0.04	0.00	0.00
1354	0.00	0.04	0.00	0.00
1355	0.00	0.04	0.00	0.00
1356	0.00	0.04	0.00	0.00
1357	0.00	0.05	0.00	0.00
1358	0.00	0.05	-0.01	0.00
1359	0.00	0.05	-0.01	0.00
1360	0.00	0.06	-0.01	0.00
1361	0.00	0.06	-0.01	0.00
1362	0.00	0.06	-0.01	0.00
1363	0.00	0.07	-0.01	0.00
1364	0.00	0.07	-0.01	0.00
1365	0.00	0.07	-0.01	0.00
1366	0.00	0.08	-0.01	0.00
1367	0.00	0.08	-0.02	0.00
1368	0.00	0.08	-0.02	0.00
1369	0.00	0.09	-0.02	0.00
1370	0.00	0.09	-0.02	0.00
1371	0.00	0.09	-0.02	0.00
1372	0.00	0.10	-0.02	0.00
1373	0.00	0.10	-0.02	0.00
1374	0.00	0.10	-0.02	0.00
1375	-1.10	0.10	-0.02	0.00
1376	-0.40	0.10	-0.02	0.00
1377	0.00	0.10	-0.03	0.00
1378	0.00	0.10	-0.03	0.00
1379	0.00	0.10	-0.03	0.00
1380	0.00	0.09	-0.03	0.00
1381	0.00	0.09	-0.03	0.00
1382	0.00	0.09	-0.03	0.00
1383	0.00	0.09	-0.03	0.00
1384	0.00	0.09	-0.03	0.00
1385	0.00	0.09	-0.03	0.00
1386	0.00	0.09	-0.03	0.00
1387	-1.10	0.08	-0.03	0.00
1388	-0.40	0.08	-0.03	0.00
1389	0.00	0.08	-0.03	0.00
1390	0.00	0.08	-0.03	0.00
1391	0.00	0.08	-0.03	0.00
1392	0.00	0.07	-0.02	0.00
1393	0.00	0.06	-0.02	0.00
1394	0.00	0.06	-0.02	0.00
1395	0.00	0.05	-0.02	0.00
1396	0.00	0.04	-0.02	0.00
1397	0.00	0.03	-0.02	0.00
1398	0.00	0.01	-0.02	0.00
1399	0.00	-0.00	-0.02	0.00
1400	0.00	-0.01	-0.02	0.00
1401	0.00	-0.01	-0.02	0.00
1402	0.00	-0.02	-0.01	0.00
1403	0.00	-0.02	-0.01	0.00
1404	0.00	-0.02	-0.01	0.00
1405	0.00	-0.03	-0.01	0.00
1406	0.00	-0.03	-0.01	0.00
1407	0.00	-0.03	-0.01	0.00
1408	-1.00	-0.03	-0.01	0.00
1409	-0.40	-0.04	-0.01	0.00
1410	0.00	-0.04	-0.01	0.00
1411	0.00	-0.04	0.00	0.00
1412	0.00	-0.04	0.00	0.00
1413	0.00	-0.05	0.00	0.00
1414	0.00	-0.05	0.00	0.00
1415	0.00	-0.06	0.00	0.00
1416	0.00	-0.07	0.00	0.00
1417	0.00	-0.08	0.00	0.00
1418	0.00	-0.09	0.00	0.00
1419	0.00	-0.10	0.00	0.00
1420	0.00	-0.11	0.00	0.00
1421	0.00	-0.12	0.01	0.00
1422	0.00	-0.12	0.01	0.00
1423	0.00	-0.12	0.01	0.00
1424	0.00	-0.12	0.01	0.00
1425	0.00	-0.13	0.01	0.00
1426	0.00	-0.13	0.01	0.00
1427	0.00	-0.13	0.01	0.00
1428	0.00	-0.15	0.01	0.00
1429	0.00	-0.16	0.01	0.00
1430	0.00	-0.18	0.01	0.00
1431	0.00	-0.19	0.01	0.00
1432	0.00	-0.21	0.01	0.00
1433	0.00	-0.22	0.01	0.00
1434	-0.70	-0.23	0.01	0.00
1435	-0.20	-0.24	0.01	0.00
1436	0.00	-0.25	0.01	0.00
1437	0.00	-0.27	0.01	0.00
1438	0.00	-0.28	0.01	0.00
1439	0.00	-0.29	0.01	0.00
1440	0.00	-0.30	0.01	0.00
1441	0.00	-0.31	0.01	0.00
1442	0.00	-0.31	0.00	0.00
1443	0.00	-0.32	0.00	0.00
1444	0.00	-0.32	0.00	0.00
1445	0.00	-0.32	0.00	0.00
1446	0.00	-0.32	0.00	0.00
1447	0.00	-0.32	0.00	0.00
1448	0.00	-0.32	-0.01	0.00
1449	0.00	-0.32	-0.01	0.00
1450	0.00	-0.32	-0.01	0.00
1451	0.00	-0.32	-0.01	0.00
1452	0.00	-0.32	-0.02	0.00
1453	-4.40	-0.32	-0.02	0.00
1454	-1.60	-0.33	-0.02	0.00
1455	0.00	-0.33	-0.02	0.00
1456	0.00	-0.33	-0.03	0.00
1457	0.00	-0.34	-0.03	0.00
1458	0.00	-0.34	-0.03	0.00
1459	-4.20	-0.33	-0.03	0.00
1460	-4.53	-0.33	-0.04	0.00
1461	-1.70	-0.32	-0.04	0.00
1462	0.00	-0.32	-0.04	0.00
1463	0.00	-0.31	-0.04	0.00
1464	0.00	-0.31	-0.04	0.00
1465	0.00	-0.31	-0.04	0.00
1466	-1.10	-0.30	-0.04	0.00
1467	-0.40	-0.30	-0.04	0.00
1468	0.00	-0.29	-0.04	0.00
1469	0.00	-0.29	-0.04	0.00
1470	0.00	-0.28	-0.04	0.00
1471	0.00	-0.27	-0.04	0.00
1472	0.00	-0.26	-0.04	0.00
1473	0.00	-0.24	-0.04	0.00
1474	0.00	-0.23	-0.04	0.00
1475	0.00	-0.22	-0.04	0.00
1476	0.00	-0.21	-0.04	0.00
1477	0.00	-0.19	-0.04	0.00
1478	0.00	-0.18	-0.03	0.00
1479	0.00	-0.16	-0.03	0.00
1480	0.00	-0.14	-0.03	0.00
1481	-1.00	-0.13	-0.03	0.00
1482	0.00	-0.13	-0.03	0.00
1483	-1.40	-0.13	-0.02	0.00
1484	0.00	-0.13	-0.02	0.00
1485	0.00	-0.13	-0.02	0.00
1486	0.00	-0.14	-0.02	0.00
1487	0.00	-0.14	-0.01	0.00
1488	0.00	-0.14	-0.01	0.00
1489	0.00	-0.14	-0.01	0.00
1490	0.00	-0.14	-0.01	0.00
1491	0.00	-0.14	-0.01	0.00
1492	0.00	-0.14	0.00	0.00
1493	0.00	-0.15	0.00	0.00
1494	0.00	-0.15	0.00	0.00
1495	-1.20	-0.15	0.00	0.00
1496	-0.40	-0.15	0.01	0.00
1497	0.00	-0.15	0.01	0.00
1498	0.00	-0.15	0.01	0.00
1499	0.00	-0.15	0.01	0.00
1500	0.00	-0.15	0.01	0.00
1501	0.00	-0.15	0.01	0.00
1502	0.00	-0.15	0.02	0.00
1503	0.00	-0.15	0.02	0.00
1504	-1.00	-0.16	0.02	0.00
1505	-0.40	-0.15	0.02	0.00
1506	0.00	-0.15	0.02	0.00
1507	0.00	-0.15	0.02	0.00
1508	0.00	-0.15	0.02	0.00
1509	0.00	-0.15	0.02	0.00
1510	0.00	-0.15	0.02	0.00
1511	0.00	-0.15	0.03	0.00
1512	0.00	-0.15	0.03	0.00
1513	0.00	-0.16	0.03	0.00
1514	0.00	-0.16	0.03	0.00
1515	0.00	-0.17	0.03	0.00
1516	0.00	-0.17	0.03	0.00
1517	0.00	-0.18	0.03	0.00
1518	0.00	-0.18	0.03	0.00
1519	0.00	-0.18	0.03	0.00
1520	0.00	-0.19	0.03	0.00
1521	0.00	-0.19	0.03	0.00
1522	0.00	-0.19	0.03	0.00
1523	0.00	-0.19	0.03	0.00
1524	0.00	-0.19	0.03	0.00
1525	0.00	-0.20	0.03	0.00
1526	0.00	-0.20	0.03	0.00
1527	-2.79	-0.20	0.03	0.00
1528	-1.00	-0.21	0.03	0.00
1529	0.00	-0.21	0.03	0.00
1530	0.00	-0.22	0.03	0.00
1531	0.00	-0.22	0.03	0.00
1532	0.00	-0.22	0.03	0.00
1533	0.00	-0.23	0.03	0.00
1534	0.00	-0.23	0.02	0.00
1535	0.00	-0.23	0.02	0.00
1536	0.00	-0.24	0.02	0.00
1537	0.00	-0.24	0.02	0.00
1538	0.00	-0.24	0.02	0.00
1539	0.00	-0.24	0.02	0.00
1540	0.00	-0.25	0.02	0.00
1541	0.00	-0.25	0.02	0.00
1542	0.00	-0.24	0.02	0.00
1543	0.00	-0.24	0.02	0.00
1544	0.00	-0.24	0.02	0.00
1545	0.00	-0.24	0.02	0.00
1546	0.00	-0.24	0.02	0.00
1547	0.00	-0.23	0.02	0.00
1548	0.00	-0.23	0.02	0.00
1549	0.00	-0.23	0.02	0.00
1550	0.00	-0.23	0.02	0.00
1551	0.00	-0.23	0.02	0.00
1552	0.00	-0.23	0.02	0.00
1553	0.00	-0.23	0.02	0.00
1554	0.00	-0.23	0.02	0.00
1555	0.00	-0.23	0.02	0.00
1556	0.00	-0.23	0.01	0.00
1557	0.00	-0.23	0.01	0.00
1558	0.00	-0.23	0.01	0.00
1559	0.00	-0.23	0.01	0.00
1560	0.00	-0.23	0.01	0.00
1561	0.00	-0.22	0.01	0.00
1562	0.00	-0.22	0.01	0.00
1563	0.00	-0.22	0.01	0.00
1564	-2.62	-0.22	0.01	0.00
1565	-1.00	-0.21	0.01	0.00
1566	0.00	-0.21	0.01	0.00
1567	0.00	-0.21	0.01	0.00
1568	0.00	-0.20	0.00	0.00
1569	0.00	-0.20	0.00	0.00
1570	-0.70	-0.20	0.00	0.00
1571	-0.20	-0.19	0.00	0.00
1572	0.00	-0.19	0.00	0.00
1573	0.00	-0.19	0.00	0.00
1574	0.00	-0.18	0.00	0.00
1575	0.00	-0.18	-0.01	0.00
1576	0.00	-0.18	-0.01	0.00
1577	0.00	-0.17	-0.01	0.00
1578	0.00	-0.16	-0.01	0.00
1579	0.00	-0.15	-0.02	0.00
1580	0.00	-0.14	-0.02	0.00
1581	0.00	-0.13	-0.02	0.00
1582	0.00	-0.12	-0.03	0.00
1583	0.00	-0.12	-0.03	0.00
1584	0.00	-0.11	-0.04	0.00
1585	0.00	-0.10	-0.04	0.00
1586	0.00	-0.09	-0.04	0.00
1587	-4.47	-0.09	-0.05	0.00
1588	-3.16	-0.08	-0.05	0.00
1589	-1.20	-0.08	-0.06	0.00
1590	0.00	-0.07	-0.06	0.00
1591	0.00	-0.06	-0.07	0.00
1592	0.00	-0.06	-0.08	0.00
1593	0.00	-0.05	-0.08	0.00
1594	0.00	-0.04	-0.09	0.00
1595	0.00	-0.03	-0.09	0.00
1596	0.00	-0.03	-0.10	0.00
1597	0.00	-0.02	-0.11	0.00
1598	0.00	-0.01	-0.11	0.00
1599	0.00	0.00	-0.12	0.00
1600	0.00	0.01	-0.12	0.00
1601	-5.43	0.01	-0.13	0.00
1602	-2.00	0.02	-0.14	0.00
1603	-0.70	0.02	-0.14	0.00
1604	0.00	0.02	-0.14	0.00
1605	0.00	0.02	-0.15	0.00
1606	0.00	0.02	-0.15	0.00
1607	0.00	0.03	-0.15	0.00
1608	0.00	0.03	-0.16	0.00
1609	0.00	0.03	-0.16	0.00
1610	0.00	0.03	-0.16	0.00
1611	0.00	0.04	-0.16	0.00
1612	0.00	0.04	-0.16	0.00
1613	-2.79	0.04	-0.16	0.00
1614	-1.00	0.05	-0.16	0.00
1615	0.00	0.05	-0.16	0.00
1616	0.00	0.05	-0.16	0.00
1617	0.00	0.06	-0.16	0.00
1618	0.00	0.06	-0.16	0.00
1619	0.00	0.06	-0.16	0.00
1620	0.00	0.06	-0.16	0.00
1621	0.00	0.07	-0.15	0.00
1622	-3.10	0.07	-0.15	0.00
1623	-1.10	0.07	-0.15	0.00
1624	0.00	0.08	-0.15	0.00
1625	0.00	0.08	-0.14	0.00
1626	0.00	0.08	-0.14	0.00
1627	0.00	0.08	-0.14	0.00
1628	0.00	0.08	-0.14	0.00
1629	0.00	0.08	-0.13	0.00
1630	0.00	0.09	-0.13	0.00
1631	0.00	0.09	-0.13	0.00
1632	0.00	0.08	-0.12	0.00
1633	0.00	0.07	-0.12	0.00
1634	0.00	0.06	-0.12	0.00
1635	0.00	0.05	-0.11	0.00
1636	0.00	0.04	-0.11	0.00
1637	0.00	0.03	-0.11	0.00
1638	0.00	0.02	-0.11	0.00
1639	0.00	0.02	-0.10	0.00
1640	0.00	0.01	-0.10	0.00
1641	-5.50	0.01	-0.10	0.00
1642	-2.00	0.00	-0.10	0.00
1643	-0.80	-0.00	-0.09	0.00
1644	0.00	-0.01	-0.09	0.00
1645	-0.40	-0.01	-0.09	0.00
1646	-0.10	-0.02	-0.09	0.00
1647	0.00	-0.02	-0.09	0.00
1648	0.00	-0.03	-0.09	0.00
1649	0.00	-0.04	-0.09	0.00
1650	0.00	-0.04	-0.09	0.00
1651	0.00	-0.05	-0.09	0.00
1652	0.00	-0.06	-0.09	0.00
1653	0.00	-0.07	-0.09	0.00
1654	0.00	-0.08	-0.09	0.00
1655	0.00	-0.09	-0.09	0.00
1656	0.00	-0.10	-0.09	0.00
1657	0.00	-0.11	-0.09	0.00
1658	0.00	-0.12	-0.09	0.00
1659	0.00	-0.13	-0.09	0.00
1660	0.00	-0.13	-0.09	0.00
1661	0.00	-0.14	-0.09	0.00
1662	0.00	-0.14	-0.09	0.00
1663	0.00	-0.14	-0.10	0.00
1664	0.00	-0.14	-0.10	0.00
1665	0.00	-0.14	-0.10	0.00
1666	0.00	-0.14	-0.10	0.00
1667	-2.42	-0.14	-0.10	0.00
1668	-0.90	-0.14	-0.10	0.00
1669	0.00	-0.15	-0.10	0.00
1670	0.00	-0.15	-0.11	0.00
1671	0.00	-0.15	-0.11	0.00
1672	0.00	-0.16	-0.11	0.00
1673	0.00	-0.16	-0.11	0.00
1674	-3.37	-0.18	-0.11	0.00
1675	-1.20	-0.19	-0.11	0.00
1676	0.00	-0.20	-0.11	0.00
1677	0.00	-0.20	-0.11	0.00
1678	0.00	-0.20	-0.11	0.00
1679	0.00	-0.20	-0.11	0.00
1680	0.00	-0.20	-0.11	0.00
1681	-2.79	-0.20	-0.11	0.00
1682	-1.00	-0.21	-0.11	0.00
1683	0.00	-0.21	-0.11	0.00
1684	0.00	-0.21	-0.11	0.00
1685	0.00	-0.22	-0.11	0.00
1686	0.00	-0.22	-0.11	0.00
1687	0.00	-0.22	-0.11	0.00
1688	0.00	-0.23	-0.11	0.00
1689	-0.75	-0.22	-0.11	0.00
1690	0.00	-0.21	-0.10	0.00
1691	0.00	-0.21	-0.10	0.00
1692	0.00	-0.20	-0.10	0.00
1693	0.00	-0.20	-0.10	0.00
1694	0.00	-0.20	-0.10	0.00
1695	-3.50	-0.20	-0.10	0.00
1696	-1.30	-0.19	-0.10	0.00
1697	0.00	-0.19	-0.09	0.00
1698	0.00	-0.19	-0.09	0.00
1699	0.00	-0.18	-0.09	0.00
1700	0.00	-0.18	-0.09	0.00
1701	0.00	-0.18	-0.09	0.00
1702	0.00	-0.18	-0.09	0.00
1703	0.00	-0.17	-0.09	0.00
1704	0.00	-0.17	-0.09	0.00
1705	0.00	-0.17	-0.09	0.00
1706	0.00	-0.16	-0.08	0.00
1707	0.00	-0.15	-0.08	0.00
1708	0.00	-0.15	-0.08	0.00
1709	0.00	-0.14	-0.08	0.00
1710	0.00	-0.14	-0.08	0.00
1711	0.00	-0.13	-0.08	0.00
1712	0.00	-0.12	-0.08	0.00
1713	0.00	-0.12	-0.08	0.00
1714	0.00	-0.11	-0.08	0.00
1715	0.00	-0.10	-0.08	0.00
1716	0.00	-0.09	-0.08	0.00
1717	0.00	-0.09	-0.08	0.00
1718	0.00	-0.08	-0.08	0.00
1719	0.00	-0.07	-0.08	0.00
1720	0.00	-0.06	-0.08	0.00
1721	0.00	-0.07	-0.08	0.00
1722	0.00	-0.07	-0.08	0.00
1723	0.00	-0.07	-0.09	0.00
1724	0.00	-0.04	-0.09	0.00
1725	0.00	-0.04	-0.09	0.00
1726	0.00	0.01	-0.09	0.00
1727	0.00	0.01	-0.09	0.00
1728	0.00	0.03	-0.09	0.00
1729	-3.32	-0.00	-0.09	0.00
1730	0.00	0.08	-0.10	0.00
1731	0.00	0.05	-0.10	0.00
1732	0.00	-0.00	-0.10	0.00
1733	0.00	-0.02	-0.10	0.00
1734	0.00	-0.02	-0.10	0.00
1735	0.00	0.01	-0.10	0.00
1736	0.00	0.07	-0.10	0.00
1737	0.00	0.01	-0.10	0.00
1738	0.00	0.00	-0.10	0.00
1739	-1.30	0.08	-0.10	0.00
1740	0.00	0.09	-0.10	0.00
1741	0.00	0.10	-0.10	0.00
1742	0.00	0.06	-0.10	0.00
1743	0.00	0.06	-0.10	0.00
1744	0.00	0.07	-0.10	0.00
1745	0.00	0.09	-0.10	0.00
1746	0.00	0.08	-0.10	0.00
1747	0.00	0.09	-0.09	0.00
1748	0.00	0.27	-0.09	0.00
1749	0.00	0.22	-0.09	0.00
1750	0.00	0.22	-0.09	0.00
1751	0.00	0.17	-0.09	0.00
1752	0.00	0.16	-0.09	0.00
1753	0.00	0.13	-0.09	0.00
1754	0.00	0.10	-0.09	0.00
1755	0.00	0.09	-0.09	0.00
1756	0.00	0.08	-0.09	0.00
1757	0.00	0.10	-0.10	0.00
1758	0.00	0.12	-0.10	0.00
1759	0.00	0.13	-0.10	0.00
1760	0.00	0.12	-0.10	0.00
1761	0.00	0.14	-0.10	0.00
1762	0.00	0.12	-0.09	0.00
1763	0.00	0.11	-0.09	0.00
1764	0.00	0.10	-0.09	0.00
1765	0.00	0.08	-0.08	0.00
1766	0.00	0.08	-0.08	0.00
1767	0.00	0.14	-0.08	0.00
1768	0.00	0.19	-0.07	0.00
1769	0.00	0.24	-0.07	0.00
1770	0.00	0.24	-0.06	0.00
1771	0.00	0.23	-0.06	0.00
1772	0.00	0.21	-0.05	0.00
1773	0.00	0.17	-0.05	0.00
1774	0.00	0.16	-0.05	0.00
1775	0.00	0.13	-0.05	0.00
1776	0.00	0.15	-0.04	0.00
1777	0.00	0.18	-0.04	0.00
1778	0.00	0.26	-0.05	0.00
1779	0.00	0.26	-0.05	0.00
1780	0.00	0.21	-0.05	0.00
1781	0.00	0.23	-0.05	0.00
1782	0.00	0.18	-0.06	0.00
1783	-3.37	0.16	-0.06	0.00
1784	0.00	0.14	-0.06	0.00
1785	0.00	0.16	-0.06	0.00
1786	0.00	0.25	-0.06	0.00
1787	0.00	0.30	-0.06	0.00
1788	0.00	0.29	-0.06	0.00
1789	-1.20	0.29	-0.06	0.00
1790	-0.40	0.26	-0.05	0.00
1791	0.00	0.22	-0.05	0.00
1792	0.00	0.21	-0.03	0.00
1793	0.00	0.17	-0.02	0.00
1794	0.00	0.16	0.00	0.00
1795	0.00	0.12	0.02	0.00
1796	0.00	0.10	0.04	0.00
1797	0.00	0.07	0.05	0.00
1798	0.00	0.05	0.05	0.00
1799	0.00	0.03	0.05	0.00
1800	0.00	0.03	0.05	0.00
1801	0.00	0.07	0.05	0.00
1802	0.00	0.04	0.05	0.00
1803	0.00	-0.02	0.05	0.00
1804	0.00	-0.03	0.05	0.00
1805	0.00	-0.03	0.05	0.00
1806	0.00	-0.07	0.05	0.00
1807	0.00	-0.09	0.06	0.00
1808	0.00	-0.10	0.06	0.00
1809	-5.50	-0.11	0.06	0.00
1810	-2.00	-0.11	0.06	0.00
1811	-0.80	-0.11	0.06	0.00
1812	0.00	-0.11	0.06	0.00
1813	0.00	-0.10	0.06	0.00
1814	0.00	-0.10	0.07	0.00
1815	-5.98	-0.09	0.07	0.00
1816	-2.20	-0.06	0.07	0.00
1817	-0.80	-0.06	0.07	0.00
1818	0.00	-0.06	0.08	0.00
1819	0.00	-0.06	0.08	0.00
1820	0.00	-0.07	0.08	0.00
1821	0.00	-0.07	0.08	0.00
1822	0.00	-0.06	0.08	0.00
1823	0.00	-0.06	0.09	0.00
1824	0.00	-0.04	0.09	0.00
1825	0.00	-0.01	0.09	0.00
1826	0.00	0.02	0.09	0.00
1827	0.00	0.06	0.09	0.00
1828	0.00	0.09	0.10	0.00
1829	0.00	0.11	0.10	0.00
1830	-1.20	0.14	0.10	0.00
1831	-4.86	0.12	0.10	0.00
1832	-1.80	0.11	0.10	0.00
1833	0.00	0.11	0.11	0.00
1834	0.00	0.13	0.11	0.00
1835	-2.95	0.20	0.11	0.00
1836	-1.10	0.29	0.11	0.00
1837	0.00	0.31	0.11	0.00
1838	0.00	0.28	0.12	0.00
1839	0.00	0.26	0.12	0.00
1840	-1.00	0.24	0.12	0.00
1841	-0.40	0.21	0.12	0.00
1842	0.00	0.19	0.12	0.00
1843	-1.50	0.17	0.13	0.00
1844	-0.60	0.17	0.13	0.00
1845	0.00	0.18	0.13	0.00
1846	0.00	0.19	0.13	0.00
1847	0.00	0.21	0.13	0.00
1848	0.00	0.25	0.14	0.00
1849	0.00	0.24	0.14	0.00
1850	0.00	0.19	0.14	0.00
1851	0.00	0.19	0.14	0.00
1852	0.00	0.18	0.14	0.00
1853	0.00	0.15	0.15	0.00
1854	-0.80	0.12	0.15	0.00
1855	0.00	0.10	0.15	0.00
1856	0.00	0.10	0.16	0.00
1857	0.00	0.13	0.16	0.00
1858	0.00	0.17	0.16	0.00
1859	0.00	0.23	0.17	0.00
1860	0.00	0.24	0.17	0.00
1861	0.00	0.22	0.17	0.00
1862	0.00	0.19	0.18	0.00
1863	0.00	0.18	0.18	0.00
1864	0.00	0.17	0.19	0.00
1865	0.00	0.14	0.19	0.00
1866	0.00	0.13	0.19	0.00
1867	0.00	0.12	0.20	0.00
1868	0.00	0.15	0.20	0.00
1869	0.00	0.20	0.21	0.00
1870	0.00	0.26	0.21	0.00
1871	0.00	0.24	0.21	0.00
1872	0.00	0.23	0.22	0.00
1873	0.00	0.18	0.22	0.00
1874	0.00	0.14	0.23	0.00
1875	0.00	0.10	0.23	0.00
1876	0.00	0.09	0.24	0.00
1877	0.00	0.08	0.25	0.00
1878	0.00	0.06	0.25	0.00
1879	0.00	0.06	0.26	0.00
1880	0.00	0.08	0.27	0.00
1881	0.00	0.12	0.28	0.00
1882	0.00	0.10	0.29	0.00
1883	-3.70	0.07	0.30	0.00
1884	-1.40	0.09	0.31	0.00
1885	0.00	0.08	0.32	0.00
1886	0.00	0.06	0.33	0.00
1887	0.00	0.05	0.34	0.00
1888	0.00	0.05	0.35	0.00
1889	0.00	0.05	0.35	0.00
1890	0.00	0.06	0.36	-0.10
1891	0.00	0.11	0.37	-0.10
1892	0.00	0.15	0.37	-0.11
1893	0.00	0.15	0.37	-0.12
1894	0.00	0.16	0.38	-0.13
1895	0.00	0.16	0.38	-0.13
1896	0.00	0.14	0.38	-0.13
1897	0.00	0.10	0.38	-0.14
1898	0.00	0.11	0.39	-0.16
1899	0.00	0.09	0.39	-0.16
1900	0.00	0.08	0.40	-0.15
1901	0.00	0.06	0.41	-0.15
1902	-3.60	0.05	0.42	-0.15
1903	-1.30	0.08	0.43	-0.15
1904	0.00	0.11	0.44	-0.17
1905	0.00	0.07	0.45	-0.18
1906	0.00	0.10	0.46	-0.19
1907	-0.37	0.08	0.47	-0.20
1908	0.00	0.09	0.48	-0.21
1909	0.00	0.09	0.49	-0.22
1910	0.00	0.07	0.50	-0.24
1911	0.00	0.07	0.51	-0.24
1912	-2.08	0.08	0.52	-0.23
1913	-0.80	0.09	0.52	-0.23
1914	-0.80	0.11	0.53	-0.23
1915	0.00	0.18	0.54	-0.23
1916	0.00	0.21	0.55	-0.25
1917	0.00	0.26	0.56	-0.26
1918	0.00	0.25	0.56	-0.26
1919	0.00	0.21	0.57	-0.26
1920	0.00	0.19	0.58	-0.27
1921	0.00	0.17	0.59	-0.28
1922	0.00	0.15	0.60	-0.29
1923	0.00	0.15	0.61	-0.30
1924	-1.31	0.15	0.62	-0.32
1925	-0.50	0.16	0.64	-0.32
1926	0.00	0.17	0.65	-0.31
1927	0.00	0.20	0.66	-0.31
1928	0.00	0.18	0.67	-0.31
1929	0.00	0.16	0.69	-0.31
1930	0.00	0.17	0.70	-0.31
1931	0.00	0.17	0.71	-0.31
1932	0.00	0.16	0.73	-0.33
1933	0.00	0.16	0.74	-0.34
1934	0.00	0.19	0.75	-0.34
1935	0.00	0.23	0.76	-0.34
1936	0.00	0.31	0.77	-0.34
1937	0.00	0.31	0.78	-0.34
1938	0.00	0.31	0.79	-0.34
1939	0.00	0.31	0.79	-0.34
1940	0.00	0.33	0.80	-0.34
1941	0.00	0.32	0.80	-0.34
1942	0.00	0.30	0.81	-0.35
1943	0.00	0.28	0.81	-0.36
1944	0.00	0.29	0.81	-0.36
1945	0.00	0.33	0.81	-0.36
1946	0.00	0.34	0.81	-0.38
1947	0.00	0.42	0.82	-0.39
1948	0.00	0.46	0.82	-0.39
1949	0.00	0.44	0.82	-0.39
1950	0.00	0.41	0.83	-0.39
1951	0.00	0.38	0.84	-0.42
1952	0.00	0.36	0.85	-0.45
1953	0.00	0.35	0.86	-0.46
1954	0.00	0.34	0.87	-0.47
1955	0.00	0.39	0.89	-0.49
1956	-0.41	0.50	0.90	-0.51
1957	0.00	0.56	0.92	-0.53
1958	0.00	0.54	0.94	-0.54
1959	0.00	0.48	0.96	-0.56
1960	0.00	0.49	0.98	-0.59
1961	-0.40	0.43	1.00	-0.61
1962	-0.28	0.39	1.03	-0.63
1963	-0.64	0.37	1.05	-0.65
1964	-1.19	0.33	1.08	-0.67
1965	-1.01	0.32	1.10	-0.69
1966	-0.66	0.35	1.13	-0.70
1967	-0.44	0.37	1.16	-0.71
1968	-0.85	0.38	1.19	-0.73
1969	-1.06	0.38	1.23	-0.74
1970	-0.51	0.35	1.26	-0.75
1971	-0.20	0.31	1.30	-0.76
1972	-0.11	0.33	1.33	-0.77
1973	-0.23	0.30	1.37	-0.78
1974	-0.38	0.30	1.41	-0.78
1975	-0.90	0.28	1.45	-0.78
1976	-0.41	0.28	1.49	-0.80
1977	-0.15	0.33	1.54	-0.82
1978	-0.22	0.46	1.58	-0.84
1979	-0.27	0.58	1.62	-0.84
1980	-0.16	0.59	1.67	-0.84
1981	-0.16	0.55	1.72	-0.85
1982	-2.41	0.48	1.76	-0.86
1983	-3.06	0.46	1.81	-0.88
1984	-1.18	0.40	1.85	-0.89
1985	-0.39	0.37	1.90	-0.89
1986	-0.44	0.37	1.94	-0.89
1987	-0.33	0.41	1.99	-0.89
1988	-0.20	0.53	2.03	-0.91
1989	-0.16	0.60	2.06	-0.92
1990	-0.16	0.60	2.10	-0.93
1991	-1.60	0.56	2.13	-0.95
1992	-3.73	0.51	2.16	-0.96
1993	-1.39	0.45	2.19	-0.97
1994	-0.56	0.39	2.22	-0.97
1995	-0.26	0.39	2.25	-0.97
1996	-0.18	0.37	2.31	-0.97
1997	-0.14	0.39	2.37	-0.99
1998	-0.07	0.46	2.43	-1.00
